weight, margin:  0.0 0.0
947
947
399996
[-45.    5.    5.5]
[-45.    5.    5.5]
[ 0.  0.  0.]
weight, margin:  1.0 0.0
3233
3233
128
[-90.  10.  11.]
[-90.  10.  11.]
[  7.94105267e-05  -9.88450473e-06  -3.34488876e-07]
weight, margin:  4.0 0.0
3149
3149
142
[-89.    10.    10.25]
[-89.    10.    10.25]
[  1.11809648e-04  -1.39173361e-05  -4.70958763e-07]
weight, margin:  8.0 0.0
319
319
156
[-16.     2.     1.75]
[-16.     2.     1.75]
[  7.87137288e-05  -9.79777187e-06  -3.31553861e-07]
weight, margin:  16.0 0.0
1017
1017
156
[-43.     5.     5.25]
[-43.     5.     5.25]
[  1.57427458e-04  -1.95955437e-05  -6.63107722e-07]
weight, margin:  32.0 0.0
1213
1213
170
[-48.    6.    5.5]
[-48.    6.    5.5]
[  1.10828560e-04  -1.37952167e-05  -4.66826275e-07]
weight, margin:  64.0 0.0
3513
3513
183
[-90.  10.  11.]
[-90.  10.  11.]
[  7.56772562e-05  -2.84781110e-05  -2.67443347e-06]
weight, margin:  0.0 1.0
947
3961
373574
[-45.    5.    5.5]
[-104.   12.   12.]
[-22.93745454   2.65883382   2.65947244]
weight, margin:  1.0 1.0
3233
1395
373588
[-90.  10.  11.]
[-58.     7.     6.75]
[-22.93745827   2.65883429   2.65947287]
weight, margin:  4.0 1.0
3149
1535
373602
[-89.    10.    10.25]
[-63.     7.     8.25]
[-22.937459     2.65883438   2.65947296]
weight, margin:  8.0 1.0
319
4059
373616
[-16.     2.     1.75]
[-104.     12.     12.25]
[-22.93746498   2.65883513   2.65947364]
weight, margin:  16.0 1.0
1017
961
373616
[-43.     5.     5.25]
[-44.    5.    5.5]
[-22.93745697   2.65883412   2.65947272]
weight, margin:  32.0 1.0
1213
3723
373630
[-48.    6.    5.5]
[-96.   11.   11.5]
[-22.93746054   2.65883457   2.65947313]
weight, margin:  64.0 1.0
3513
4339
373630
[-90.  10.  11.]
[-104.     12.     12.25]
[-22.93745305   2.65883363   2.65947227]
weight, margin:  0.0 4.0
947
8553
399996
[-45.    5.    5.5]
[-158.     19.     17.75]
[-91.83265893  10.6479696   10.64890214]
weight, margin:  1.0 4.0
3233
8595
399996
[-90.  10.  11.]
[-158.     19.     17.75]
[-91.83265082  10.64796869  10.64890128]
weight, margin:  4.0 4.0
3149
8595
399996
[-89.    10.    10.25]
[-158.     19.     17.75]
[-91.83263304  10.64796671  10.64889939]
weight, margin:  8.0 4.0
319
8651
399996
[-16.     2.     1.75]
[-158.     19.     17.75]
[-91.83261901  10.64796514  10.6488979 ]
weight, margin:  16.0 4.0
1017
8665
399996
[-43.     5.     5.25]
[-158.     19.     17.75]
[-91.83259909  10.64796291  10.64889578]
weight, margin:  32.0 4.0
1213
3849
399996
[-48.    6.    5.5]
[-113.    13.    13.5]
[-91.83257922  10.64796069  10.64889367]
weight, margin:  64.0 4.0
3513
8861
399996
[-90.  10.  11.]
[-158.     19.     17.75]
[-91.83255776  10.6479583   10.6488914 ]
weight, margin:  0.0 8.0
947
16659
399996
[-45.    5.    5.5]
[-231.   27.   27.]
[-183.66531787   21.2959392    21.29780427]
weight, margin:  1.0 8.0
3233
17121
399996
[-90.  10.  11.]
[-233.    27.    27.5]
[-183.66531143   21.29593848   21.29780359]
weight, margin:  4.0 8.0
3149
16715
399996
[-89.    10.    10.25]
[-231.   27.   27.]
[-183.66528234   21.29593523   21.2978005 ]
weight, margin:  8.0 8.0
319
17163
399996
[-16.     2.     1.75]
[-233.    27.    27.5]
[-183.66526608   21.29593341   21.29779878]
weight, margin:  16.0 8.0
1017
17247
399996
[-43.     5.     5.25]
[-233.    27.    27.5]
[-183.66523801   21.29593028   21.2977958 ]
weight, margin:  32.0 8.0
1213
16771
399996
[-48.    6.    5.5]
[-231.   27.   27.]
[-183.66519819   21.29592583   21.29779157]
weight, margin:  64.0 8.0
3513
16911
399996
[-90.  10.  11.]
[-231.   27.   27.]
[-183.66515843   21.29592139   21.29778735]
weight, margin:  0.0 16.0
947
34551
399996
[-45.    5.    5.5]
[-412.     48.     47.75]
[-367.33063573   42.5918784    42.59560855]
weight, margin:  1.0 16.0
3233
34495
399996
[-90.  10.  11.]
[-412.     48.     47.75]
[-367.33063013   42.59187777   42.59560795]
weight, margin:  4.0 16.0
3149
34495
399996
[-89.    10.    10.25]
[-412.     48.     47.75]
[-367.33060328   42.59187477   42.5956051 ]
weight, margin:  8.0 16.0
319
34565
399996
[-16.     2.     1.75]
[-412.     48.     47.75]
[-367.33056467   42.59187046   42.59560101]
weight, margin:  16.0 16.0
1017
34481
399996
[-43.     5.     5.25]
[-412.     48.     47.75]
[-367.33053216   42.59186683   42.59559755]
weight, margin:  32.0 16.0
1213
34523
399996
[-48.    6.    5.5]
[-412.     48.     47.75]
[-367.33047602   42.59186055   42.59559159]
weight, margin:  64.0 16.0
3513
34719
399996
[-90.  10.  11.]
[-412.     48.     47.75]
[-367.33039637   42.59185165   42.59558314]
weight, margin:  0.0 32.0
947
68963
399996
[-45.    5.    5.5]
[-758.     88.     87.75]
[-734.66127147   85.1837568    85.1912171 ]
weight, margin:  1.0 32.0
3233
68963
399996
[-90.  10.  11.]
[-758.     88.     87.75]
[-734.66126586   85.18375617   85.1912165 ]
weight, margin:  4.0 32.0
3149
68963
399996
[-89.    10.    10.25]
[-758.     88.     87.75]
[-734.6612457    85.18375392   85.19121436]
weight, margin:  8.0 32.0
319
68907
399996
[-16.     2.     1.75]
[-758.     88.     87.75]
[-734.66120657   85.18374955   85.19121021]
weight, margin:  16.0 32.0
1017
69019
399996
[-43.     5.     5.25]
[-758.     88.     87.75]
[-734.66112935   85.18374092   85.19120201]
weight, margin:  32.0 32.0
1213
69075
399996
[-48.    6.    5.5]
[-758.     88.     87.75]
[-734.66106432   85.18373365   85.19119511]
weight, margin:  64.0 32.0
3513
69075
399996
[-90.  10.  11.]
[-758.     88.     87.75]
[-734.66095204   85.18372111   85.19118319]
weight, margin:  0.0 64.0
947
131991
399996
[-45.    5.    5.5]
[-1484.     172.     172.25]
[-1469.32254293   170.36751359   170.3824342 ]
weight, margin:  1.0 64.0
3233
131991
399996
[-90.  10.  11.]
[-1484.     172.     172.25]
[-1469.32253733   170.36751297   170.3824336 ]
weight, margin:  4.0 64.0
3149
131879
399996
[-89.    10.    10.25]
[-1484.     172.     172.25]
[-1469.3225205    170.36751109   170.38243182]
weight, margin:  8.0 64.0
319
132047
399996
[-16.     2.     1.75]
[-1484.     172.     172.25]
[-1469.32249141   170.36750783   170.38242873]
weight, margin:  16.0 64.0
1017
132047
399996
[-43.     5.     5.25]
[-1484.     172.     172.25]
[-1469.32241314   170.36749909   170.38242042]
weight, margin:  32.0 64.0
1213
132103
399996
[-48.    6.    5.5]
[-1484.     172.     172.25]
[-1469.32225869   170.36748183   170.38240402]
weight, margin:  64.0 64.0
3513
132215
399996
[-90.  10.  11.]
[-1484.     172.     172.25]
[-1469.32212865   170.3674673    170.38239022]
[[[947, 947, 399996], [3233, 3233, 128], [3149, 3149, 142], [319, 319, 156], [1017, 1017, 156], [1213, 1213, 170], [3513, 3513, 183]], [[947, 3961, 373574], [3233, 1395, 373588], [3149, 1535, 373602], [319, 4059, 373616], [1017, 961, 373616], [1213, 3723, 373630], [3513, 4339, 373630]], [[947, 8553, 399996], [3233, 8595, 399996], [3149, 8595, 399996], [319, 8651, 399996], [1017, 8665, 399996], [1213, 3849, 399996], [3513, 8861, 399996]], [[947, 16659, 399996], [3233, 17121, 399996], [3149, 16715, 399996], [319, 17163, 399996], [1017, 17247, 399996], [1213, 16771, 399996], [3513, 16911, 399996]], [[947, 34551, 399996], [3233, 34495, 399996], [3149, 34495, 399996], [319, 34565, 399996], [1017, 34481, 399996], [1213, 34523, 399996], [3513, 34719, 399996]], [[947, 68963, 399996], [3233, 68963, 399996], [3149, 68963, 399996], [319, 68907, 399996], [1017, 69019, 399996], [1213, 69075, 399996], [3513, 69075, 399996]], [[947, 131991, 399996], [3233, 131991, 399996], [3149, 131879, 399996], [319, 132047, 399996], [1017, 132047, 399996], [1213, 132103, 399996], [3513, 132215, 399996]]]
